0.8995 1.95 5.4065 11.12 19.7285 23.065 27.805 31.3247368421053
0.53 1.05 4.595 10.49 20.275 25.8 32.605 33.7210526315789
0.405 1.315 4.215 9.2 15.14 20.71 26.95 29.67
0.475 0.93 3.365 8.31 11.985 17.775 22.24 28.2
0.45 1.16 3.395 7.62 15.71 23.055 23.685 28.275
0.495 1.42 5.225 11.505 20.51 23.91 27.96 32.755
0.484210526315789 1.38947368421053 4.63684210526316 10.2052631578947 17.6263157894737 23.6052631578947 27.8684210526316 32.1684210526316
0.49 0.955 3.115 7.375 10.685 15.63 20.36 26.9
0.485 1.29 4.505 9.135 15.775 21.265 26.09 32.84
0.475 1.065 4.71 11.87 18.105 21.575 25.75 31.3421052631579
0.442105263157895 1.26315789473684 4.66315789473684 10.6421052631579 15.9210526315789 21.3736842105263 27.9894736842105 33.15
0.48 1.38 4.85 11.22 18.905 22.46 28.255 33.15
0.505 1.35 5.005 12.61 18.72 23.2 28.4 31.535
0.485 1.255 4.77 10.37 15.46 20.54 23.805 28.4105263157895
0.465 1.08 3.865 8.41 12.215 20.85 24.255 30.75
0.55 1.37 4.545 9.705 15.575 20.005 23.345 28.4
0.475 1.305 4.62 10.94 15.665 22.34 24.88 31.4684210526316
0.46 1.21 3.26 8.305 14.33 19.735 22.53 30.8578947368421
0.447368421052632 1.26842105263158 5.33684210526316 11.2052631578947 20.5736842105263 27.5052631578947 30.7263157894737 29.1315789473684
0.54 1.105 3.405 7.155 11.95 18.015 24.35 26.2666666666667
0.47 1.22 4.28 10.235 17.055 23.39 27.615 32.075
0.455 1.36 4.09 9.95 16.54 22.105 27.475 31.84
0.445 1.15 4.98 10.155 17.575 23.525 28.42 33.05
0.475 1.175 4.49 9.775 16.155 21.92 25.465 28.7
0.435 1.15 4.02 9.83 17.735 24.405 26.885 29.855
0.435 1.03 4.07 8.18 13.27 19.29 23.61 26.8222222222222
0.54 1.225 4.745 9.88 17.775 23.84 29.16 33.98
0.415 1.46 4.695 12.45 19.05 23.5 28.765 32.63
0.452631578947368 1.30526315789474 4.64736842105263 9.67368421052632 18.3578947368421 22.9210526315789 25.7578947368421 28.77
0.44 1.46 5.585 12.95 20.6 25.995 29.15 32.88
0.4 0.989473684210526 3.64736842105263 7.53157894736842 15.1105263157895 17.7368421052632 22.4789473684211 28.9333333333333
0.415 1.275 3.87 8.655 17.655 23.2210526315789 26.43 33.6105263157895
0.54 1.33 4.115 10.795 18.495 22.185 24.53 30.5833333333333
0.505263157894737 1.35789473684211 4.35263157894737 11.2 16.2315789473684 22.5684210526316 27.5684210526316 27.1421052631579
0.5 1.17894736842105 4.73157894736842 11.0368421052632 18.6842105263158 23.9315789473684 28.0631578947368 33.5789473684211
0.475 1.26 4.79 11.855 20.125 25.055 28.365 34.7842105263158
0.54 1.335 4.795 12.185 19.665 22.94 26.41 31.5263157894737
0.5 1.16315789473684 4.95263157894737 10.7157894736842 19.2789473684211 23.2473684210526 26.1526315789474 31.4631578947368
0.573684210526316 1.28421052631579 5.45789473684211 10.1684210526316 16.6368421052632 25.6842105263158 27.2157894736842 32.0210526315789
0.425 1.155 3.525 9.705 14.98 21.81 25.205 26.165
0.435 1.21 4.825 11.735 17.02 21.2 24.575 28.5894736842105
0.415 1.12 2.77 8.27 13.945 24.41 26.1 27.8
0.405 1.015 4.67 11.135 17.42 21.18 27.255 32.515
0.41 1.085 3.895 9.78 17.315 20.33 24.465 28.0157894736842
0.457894736842105 1.34210526315789 4.11052631578947 10.1 17.4789473684211 24.3894736842105 28.1842105263158 46.8526315789474
0.515 1.155 3.925 8.36 14.9 20.075 24.64 29.56
0.42 1.1 3.355 9.115 13.23 20.365 24.055 30.6789473684211
0.505 1.265 4.345 9.64 16.935 19.725 24.715 27.26
0.505 1.325 5.68 12.57 19.195 22.715 28.22 31.37
0.455 1.49 4.34 9.305 16.33 19.85 24.195 28.6789473684211
0.485 1.385 5.43 11.54 19.495 24.42 28.165 32.105
0.436842105263158 1.15789473684211 3.88947368421053 8.98421052631579 14.5789473684211 19.8789473684211 22.4210526315789 27.0631578947368
0.41 1.16 5.545 12.935 17.985 24.445 25.11 28.3894736842105
0.46 1.17 4.385 9.31 16.815 22.615 27.98 29.4631578947368
0.44 1.33 4.81 11.345 17.225 21.305 29.425 34.12
0.405 1.175 4.275 10.39 15.945 19.435 24.98 29.005
0.47 1.335 3.625 9.245 16.065 21.77 25.895 31.225
0.542105263157895 1.12631578947368 4.35789473684211 11.0789473684211 20.9368421052632 24.7473684210526 27.3684210526316 30.35
0.45 1.28 5.05 10.71 16.77 23.185 25.54 28.925
0.54 1.175 4.97 13.575 19.665 22.685 26.59 26.545
0.452631578947368 1.27368421052632 4.03684210526316 11.4263157894737 18.2578947368421 21.5736842105263 26.8263157894737 30.7894736842105
0.57 1.365 4.185 10.315 16.57 21.005 24.835 28.2578947368421
0.489473684210526 1.18 3.26 7.585 12.165 18.52 25.28 30.6789473684211
0.48 1.185 4.1 10.025 16.19 24.21 27.425 32.1210526315789
0.48 1.54 4.86 11.095 17.995 23.93 27.695 29.83
0.495 1.175 5.055 11.01 15.925 23.27 27.565 30.19
0.49 0.975 2.87 6.16 11.225 14.32 20.41 22.5777777777778
0.494736842105263 1.38421052631579 4.83684210526316 11.0157894736842 19.2473684210526 24.3789473684211 30.5473684210526 34.8052631578947
0.515 1.375 4.76 9.27 16.22 22.41 28.51 28.26
0.465 1.165 3.16 8.79 13.46 20.63 22.415 25.26
0.442105263157895 1.16315789473684 4.86842105263158 13.4157894736842 19.9 23.4684210526316 25.2894736842105 31.0666666666667
0.46 1.305 4.66 11.45 17.805 20.615 24.04 29.3333333333333
0.43 1.28 3.615 10.05 15.995 21.73 29.39 30.28
0.425 1.065 3.04 7.145 11.93 16.455 21.595 26.435
0.475 1.405 5.385 11.34 19.005 23.575 27.365 31.53
0.42 1.1 3.28 8.595 14.49 18.58 22.01 27.165
0.525 1.2 5.505 11.595 18.04 24.31 28.735 31.2
0.425 1.135 3.89 9.7 16.855 22.885 24.19 32.6526315789474
0.405263157894737 1.16842105263158 3.44210526315789 7.9 14.0578947368421 19.0894736842105 23.2263157894737 29.7
0.455 1.21 4.085 9.03 14.5 19.935 24.72 29.3894736842105
0.515 1.09 4.55 9.75 14.49 18.49 25.335 29.26
0.455 1.255 5.69 13.56 19.68 23.205 28.065 30.555
0.49 1.325 4.235 10.87 20.09 23.44 29.335 34.4111111111111
0.425 1.04 3.745 7.69 11.295 18.105 23.525 32.045
